camera_matrix:
- - 846.9258483079291
  - 0.0
  - 250.36170169884608
- - 0.0
  - 806.9120312250709
  - 305.8663198450146
- - 0.0
  - 0.0
  - 1.0
dist_coeff:
- - 0.004311482391394282
  - -0.32853901035712846
  - 0.12092448718153695
  - -0.030208733261871217
  - 0.2260566349040569
