camera_matrix:
- - 166.89192503359882
  - 0.0
  - 388.5179483896948
- - 0.0
  - 85.85148332479159
  - 284.12494258815417
- - 0.0
  - 0.0
  - 1.0
dist_coeff:
- - -0.09983898901588238
  - 0.004387705836506534
  - 0.0011216554685301633
  - 0.003367117601534055
  - -6.051388595422141e-05
